PERNO HEXAGONAL MÉTRICO RC - CL. 10.9 PAVONADO,22,110
PERNO HEXAGONAL MÉTRICO RC - CL. 10.9 PAVONADO,24,120
PERNO HEXAGONAL MÉTRICO RC - CL. 10.9 PAVONADO,26,130
PERNO HEXAGONAL MÉTRICO RC - CL. 10.9 PAVONADO,28,140
PERNO HEXAGONAL MÉTRICO RC - CL. 10.9 PAVONADO,30,150
PERNO HEXAGONAL MÉTRICO RC - CL. 10.9 PAVONADO,32,160
PERNO HEXAGONAL MÉTRICO RC - CL. 10.9 PAVONADO,36,180
PERNO HEXAGONAL MÉTRICO RC - CL. 10.9 PAVONADO,40,200
PERNO HEXAGONAL MÉTRICO RC - CL. 10.9 PAVONADO,44,220
PERNO HEXAGONAL MÉTRICO RC - CL. 10.9 PAVONADO,50,250
PERNO HEXAGONAL MÉTRICO RC - CL. 10.9 PAVONADO,56,280
PERNO HEXAGONAL MÉTRICO RC - CL. 10.9 PAVONADO,60,300
