BOCINAS DE GRILLETE - LIVIANO
