CÓDIGO,EMP.,Unnamed: 0,P. V.,P. V..1
,,CAJA,,
COMPLETO,(uds.),,CL. 10.9,CL. 12.9
